27250 

27238 

28172 

18288 

18647 

30912 

27216 

27230 

27218 

30910 

18223 

27226 

27229 

11719 

30909 

27228 

27265 

11726 

126 

6215 

28189 

18708 

27259 

27213 

17928 

27215 

32231 

1122 

27222 

27212 

18540 

29893 

698 

30459 

27243 

5500 

27209 

28610 

30546 

30414 

30911 

30545 

19028 


27223 

696 

18788 

132 

27220 

30908 

27217 

30545 

19028 

29858 

23161 

30146 

691 

5784 

688 

712 

697 

5697 

30405